{
 "cells": [
  {
   "cell_type": "code",
   "execution_count": 1,
   "metadata": {},
   "outputs": [],
   "source": [
    "import numpy as np"
   ]
  },
  {
   "cell_type": "code",
   "execution_count": 2,
   "metadata": {},
   "outputs": [],
   "source": [
    "x = np.array([[1., 2., 3.], [4, 5, 6]])\n",
    "y = np.array([[6., 23.], [-1, 7], [8, 9]])"
   ]
  },
  {
   "cell_type": "code",
   "execution_count": 3,
   "metadata": {},
   "outputs": [
    {
     "data": {
      "text/plain": [
       "array([[ 1.,  2.,  3.],\n",
       "       [ 4.,  5.,  6.]])"
      ]
     },
     "execution_count": 3,
     "metadata": {},
     "output_type": "execute_result"
    }
   ],
   "source": [
    "x"
   ]
  },
  {
   "cell_type": "code",
   "execution_count": 4,
   "metadata": {},
   "outputs": [
    {
     "data": {
      "text/plain": [
       "array([[  6.,  23.],\n",
       "       [ -1.,   7.],\n",
       "       [  8.,   9.]])"
      ]
     },
     "execution_count": 4,
     "metadata": {},
     "output_type": "execute_result"
    }
   ],
   "source": [
    "y"
   ]
  },
  {
   "cell_type": "code",
   "execution_count": 5,
   "metadata": {},
   "outputs": [
    {
     "data": {
      "text/plain": [
       "array([[  28.,   64.],\n",
       "       [  67.,  181.]])"
      ]
     },
     "execution_count": 5,
     "metadata": {},
     "output_type": "execute_result"
    }
   ],
   "source": [
    "x.dot(y)"
   ]
  },
  {
   "cell_type": "code",
   "execution_count": 6,
   "metadata": {},
   "outputs": [
    {
     "data": {
      "text/plain": [
       "array([  6.,  15.])"
      ]
     },
     "execution_count": 6,
     "metadata": {},
     "output_type": "execute_result"
    }
   ],
   "source": [
    "np.dot(x, np.ones(3))"
   ]
  },
  {
   "cell_type": "code",
   "execution_count": 8,
   "metadata": {},
   "outputs": [
    {
     "data": {
      "text/plain": [
       "array([[  587.99086008,   -76.32400071,  -613.62291634,  -307.6476109 ,\n",
       "         -851.79904733],\n",
       "       [  -76.32400071,    10.30221765,    79.59354365,    39.70598239,\n",
       "          109.90566467],\n",
       "       [ -613.62291634,    79.59354365,   643.26558652,   321.83681944,\n",
       "          893.66677276],\n",
       "       [ -307.6476109 ,    39.70598239,   321.83681944,   161.89947626,\n",
       "          447.58765501],\n",
       "       [ -851.79904733,   109.90566467,   893.66677276,   447.58765501,\n",
       "         1243.18329787]])"
      ]
     },
     "execution_count": 8,
     "metadata": {},
     "output_type": "execute_result"
    }
   ],
   "source": [
    "from numpy.linalg import inv, qr\n",
    "\n",
    "\n",
    "X = np.random.randn(5, 5)\n",
    "mat = X.T.dot(X)\n",
    "inv(mat)"
   ]
  },
  {
   "cell_type": "code",
   "execution_count": 9,
   "metadata": {},
   "outputs": [
    {
     "data": {
      "text/plain": [
       "array([[  1.00000000e+00,  -4.97379915e-14,   1.70530257e-13,\n",
       "         -1.70530257e-13,  -1.13686838e-13],\n",
       "       [ -4.54747351e-13,   1.00000000e+00,   4.54747351e-13,\n",
       "          2.27373675e-13,   4.54747351e-13],\n",
       "       [  0.00000000e+00,   0.00000000e+00,   1.00000000e+00,\n",
       "          0.00000000e+00,   0.00000000e+00],\n",
       "       [  0.00000000e+00,  -4.26325641e-14,   0.00000000e+00,\n",
       "          1.00000000e+00,   0.00000000e+00],\n",
       "       [  2.27373675e-13,  -2.84217094e-14,  -2.27373675e-13,\n",
       "         -1.13686838e-13,   1.00000000e+00]])"
      ]
     },
     "execution_count": 9,
     "metadata": {},
     "output_type": "execute_result"
    }
   ],
   "source": [
    "mat.dot(inv(mat))"
   ]
  },
  {
   "cell_type": "code",
   "execution_count": 10,
   "metadata": {},
   "outputs": [
    {
     "data": {
      "text/plain": [
       "array([[ -1.48403252e+00,   2.76913006e+00,  -4.90861975e+00,\n",
       "         -2.70455210e+00,   3.24092939e+00],\n",
       "       [  0.00000000e+00,  -6.85640311e+00,   5.23347702e+00,\n",
       "          5.50438469e-01,  -3.35431431e+00],\n",
       "       [  0.00000000e+00,   0.00000000e+00,  -9.60627437e-01,\n",
       "          6.64637040e-01,   4.51582054e-01],\n",
       "       [  0.00000000e+00,   0.00000000e+00,   0.00000000e+00,\n",
       "         -9.73492478e-01,   3.50862756e-01],\n",
       "       [  0.00000000e+00,   0.00000000e+00,   0.00000000e+00,\n",
       "          0.00000000e+00,   5.51979226e-04]])"
      ]
     },
     "execution_count": 10,
     "metadata": {},
     "output_type": "execute_result"
    }
   ],
   "source": [
    "q, r = qr(mat)\n",
    "r"
   ]
  }
 ],
 "metadata": {
  "kernelspec": {
   "display_name": "Python 3",
   "language": "python",
   "name": "python3"
  },
  "language_info": {
   "codemirror_mode": {
    "name": "ipython",
    "version": 3
   },
   "file_extension": ".py",
   "mimetype": "text/x-python",
   "name": "python",
   "nbconvert_exporter": "python",
   "pygments_lexer": "ipython3",
   "version": "3.5.1"
  }
 },
 "nbformat": 4,
 "nbformat_minor": 2
}
